[COMMON]
TARGET CURRENCY = EUR
YEAR = 2022

[EXCHANGE RATES]
EUR/CAD = 0.69252
EUR/USD = 0.93756
EUR/GBP = 1.12748
EUR/HKD = 0.12025
EUR/PLN = 0.21364

